000001
000002
000006
000007
000008
000009
000010
000011
000012
000013
000014
000015
000017
000018
000019
000020
000021
000022
000023
000024
000026
000027
000030
000031
000034
000035
000036
000039
000040
000041
000042
000043
000044
000045
000046
000047
000048
000050
000051
000052
000054
000055
000056
000057
000058
000059
000061
000062
000063
000064
000065
000066
000067
000068
000069
000070
000071
000072
000073
000074
000075
000076
000077
000078
000080
000081
000082
000083
000084
000086
000087
000088
000090
000093
000094
000096
000097
000098
000099
000100
000102
000103
000105
000106
000107
000108
000109
000111
000112
000113
000114
000115
000116
000117
000118
000119
000120
000121
000122
000123
000125
000126
000127
000129
000130
000131
000133
000134
000136
000137
000139
000140
000141
000142
000144
000145
000146
000148
000149
000150
000151
000152
000153
000155
000156
000157
000158
000159
000160
000161
000162
000163
000164
000165
000167
000168
000170
000171
000172
000173
000175
000176
000177
000178
000179
000180
000181
000182
000183
000184
000185
000186
000187
000188
000189
000191
000192
000193
000194
000196
000197
000198
000199
000200
000201
000202
000205
000206
000207
000208
000209
000211
000212
000213
000214
000215
000216
000217
000218
000219
000223
000224
000225
000226
000227
000230
000231
000232
000233
000234
000235
000236
000237
000239
000241
000242
000244
000245
000246
000247
000248
000249
000250
000251
000252
000254
000255
000258
000259
000260
000262
000263
000265
000266
000267
000268
000271
000272
000273
000274
000275
000276
000277
000278
000279
000281
000282
000283
000284
000286
000287
000288
000289
000290
000292
000293
000294
000295
000296
000297
000298
000299
000300
000301
000304
000305
000306
000309
000310
000311
000312
000313
000315
000316
000317
000318
000320
000321
000322
000323
000324
000325
000326
000327
000328
000329
000330
000331
000332
000334
000335
000336
000337
000338
000339
000340
000343
000344
000346
000348
000349
000351
000352
000354
000355
000356
000357
000358
000360
000361
000364
000366
000367
000368
000369
000370
000371
000372
000373
000374
000375
000376
000378
000379
000380
000381
000383
000384
000385
000386
000387
000388
000389
000391
000393
000396
000397
000398
000399
000400
000401
000402
000404
000405
000406
000407
000408
000409
000411
000412
000413
000414
000415
000416
000417
000418
000419
000420
000422
000423
000424
000425
000426
000427
000428
000429
000430
000432
000433
000434
000435
000436
000437
000439
000440
000441
000442
000443
000444
000445
000448
000449
000450
000451
000452
000453
000454
000455
000456
000458
000460
000461
000462
000463
